0.000087,0.0000043,-0.0000461,0.0000036,0.0000032,-0.0000066,0.0000096,-0.000016,0.000008,-0.000001
0.0000043,0.000083,-0.0000097,0.0000022,0.0000075,-0.0000028,0.0000504,0.000017,0.0000054,0.000072
-0.0000461,-0.0000097,0.00009,-0.00002,0.0000063,0.00003,0.000017,-0.000043,0.000031,-0.00002
0.0000036,0.0000022,-0.00002,0.000053,0.0000047,0.0000262,-0.0000196,0.000021,0.0000067,0.000018
0.0000032,0.0000075,0.0000063,0.0000047,0.000086,-0.000008,0.0000037,0.0000072,-0.000009,0.0000069
-0.0000066,-0.0000028,0.00003,0.0000262,-0.000008,0.000118,-0.000049,0.000003,0.00003,-0.00003
0.0000096,0.0000504,0.000017,-0.0000196,0.0000037,-0.000049,0.0000824,-0.000009,0.000059,-0.000006
-0.000016,0.000017,-0.000043,0.000021,0.0000072,0.000003,-0.000009,0.000012,-0.0000096,0.0000056
0.000008,0.0000054,0.000031,0.0000067,-0.000009,0.00003,0.000059,-0.0000096,0.0000093,-0.000003
-0.000001,0.000072,-0.00002,0.000018,0.0000069,-0.00003,-0.000006,0.0000056,-0.000003,0.0000099
